28
6
0 7868 10451 14934 12957 3033 15384 2634 4463 10662 2381 985 6570 1463 1493 6352 14016 7358 13808 9271 11943 6914 15284 5442 13705 3360 8383 1656
7868 0 3745 8228 6251 5103 8678 6666 4881 3956 5859 7801 1948 7459 8309 3460 7310 1970 7102 2565 5237 1112 8578 4006 6999 5884 1677 8472
10451 3745 0 4661 2684 7686 5111 9249 7464 1337 8442 10384 4531 10042 10892 6043 3743 4553 3535 1750 1670 3695 5011 6589 3432 8467 2850 11055
14934 8228 4661 0 3253 12169 2122 13732 11947 5820 12925 14867 9014 14525 15375 10526 1080 9036 1902 6233 4171 8178 2022 11072 3009 12950 7333 15538
12957 6251 2684 3253 0 10192 3703 11755 9970 3843 10948 12890 7037 12548 13398 8549 2335 7059 2127 4256 2194 6201 3603 9095 2024 10973 5356 13561
3033 5103 7686 12169 10192 0 12619 1831 1698 7897 1024 2966 3805 2624 3474 3587 11251 4593 11043 6506 9178 4149 12519 2677 10940 1049 5618 3637
15384 8678 5111 2122 3703 12619 0 14182 12397 6270 13375 15317 9464 14975 15825 10976 1530 9486 2352 6683 4621 8628 1140 11522 3459 13400 7783 15988
2634 6666 9249 13732 11755 1831 14182 0 3261 9460 1179 2567 5368 2225 3075 5150 12814 6156 12606 8069 10741 5712 14082 4240 12503 2158 7181 3238
4463 4881 7464 11947 9970 1698 12397 3261 0 7675 2454 4396 3583 4054 4904 3365 11029 4371 10821 6284 8956 3927 12297 2455 10718 2479 5396 5067
10662 3956 1337 5820 3843 7897 6270 9460 7675 0 8653 10595 4742 10253 11103 6254 4902 4764 4694 1961 2829 3906 6170 6800 4591 8678 3061 11266
2381 5859 8442 12925 10948 1024 13375 1179 2454 8653 0 2314 4561 1972 2822 4343 12007 5349 11799 7262 9934 4905 13275 3433 11696 1351 6374 2985
985 7801 10384 14867 12890 2966 15317 2567 4396 10595 2314 0 6503 1396 832 6285 13949 7291 13741 9204 11876 6847 15217 5375 13638 3293 8316 1309
6570 1948 4531 9014 7037 3805 9464 5368 3583 4742 4561 6503 0 6161 7011 2162 8096 1438 7888 3351 6023 994 9364 2708 7785 4586 2463 7174
1463 7459 10042 14525 12548 2624 14975 2225 4054 10253 1972 1396 6161 0 1904 5943 13607 6949 13399 8862 11534 6505 14875 5033 13296 2951 7974 2067
1493 8309 10892 15375 13398 3474 15825 3075 4904 11103 2822 832 7011 1904 0 6793 14457 7799 14249 9712 12384 7355 15725 5883 14146 3801 8824 1817
6352 3460 6043 10526 8549 3587 10976 5150 3365 6254 4343 6285 2162 5943 6793 0 9608 2950 9400 4863 7535 2506 10876 2490 9297 4368 3975 6956
14016 7310 3743 1080 2335 11251 1530 12814 11029 4902 12007 13949 8096 13607 14457 9608 0 8118 984 5315 3253 7260 1430 10154 2091 12032 6415 14620
7358 1970 4553 9036 7059 4593 9486 6156 4371 4764 5349 7291 1438 6949 7799 2950 8118 0 7910 3373 6045 1016 9386 3496 7807 5374 2485 7962
13808 7102 3535 1902 2127 11043 2352 12606 10821 4694 11799 13741 7888 13399 14249 9400 984 7910 0 5107 3045 7052 2252 9946 1883 11824 6207 14412
9271 2565 1750 6233 4256 6506 6683 8069 6284 1961 7262 9204 3351 8862 9712 4863 5315 3373 5107 0 3242 2515 6583 5409 5004 7287 1670 9875
11943 5237 1670 4171 2194 9178 4621 10741 8956 2829 9934 11876 6023 11534 12384 7535 3253 6045 3045 3242 0 5187 4521 8081 2942 9959 4342 12547
6914 1112 3695 8178 6201 4149 8628 5712 3927 3906 4905 6847 994 6505 7355 2506 7260 1016 7052 2515 5187 0 8528 3052 6949 4930 1627 7518
15284 8578 5011 2022 3603 12519 1140 14082 12297 6170 13275 15217 9364 14875 15725 10876 1430 9386 2252 6583 4521 8528 0 11422 3359 13300 7683 15888
5442 4006 6589 11072 9095 2677 11522 4240 2455 6800 3433 5375 2708 5033 5883 2490 10154 3496 9946 5409 8081 3052 11422 0 9843 3458 4521 6046
13705 6999 3432 3009 2024 10940 3459 12503 10718 4591 11696 13638 7785 13296 14146 9297 2091 7807 1883 5004 2942 6949 3359 9843 0 11721 6104 14309
3360 5884 8467 12950 10973 1049 13400 2158 2479 8678 1351 3293 4586 2951 3801 4368 12032 5374 11824 7287 9959 4930 13300 3458 11721 0 6399 3964
8383 1677 2850 7333 5356 5618 7783 7181 5396 3061 6374 8316 2463 7974 8824 3975 6415 2485 6207 1670 4342 1627 7683 4521 6104 6399 0 8987
1656 8472 11055 15538 13561 3637 15988 3238 5067 11266 2985 1309 7174 2067 1817 6956 14620 7962 14412 9875 12547 7518 15888 6046 14309 3964 8987 0
